1111111000110011001111111
1000001010010111001000001
1011101001001001001011101
1011101001111011101011101
1011101010111001001011101
1000001001110001001000001
1111111010101010101111111
0000000001011100100000000
1010101001010101100010010
0010110111001100011000001
0001001011100110011100111
1010110100011111100000010
1000011011101100111001011
0110110100110100101001001
1011001101101000111100111
0101000101110111110010010
1010111011100100111111000
0000000010001001100011011
1111111001101001101011011
1000001000010100100011011
1011101011100110111111000
1011101000001000100111100
1011101010000101010010001
1000001000010101110011010
1111111010101101111100011
